0.0689345826394856
0.6538545717485249
0.44857446430251
0.0689345826394856
0.7270669746212661
0.22388021694496274
0.9505995693616569
0.9449604232795537
0.33347004232928157
0.33000502036884427
0.17108282772824168
0.5647649695165455
0.4953841078095138
0.3384397183544934
0.7960532191209495
0.5795170445926487
0.9838815587572753
0.8869253997690976
0.22133899061009288
0.03149875300005078
0.24532775161787868
0.9027539347298443
0.8071238580159843
0.27598048048093915
0.8545060115866363
0.7746429746039212
0.08107200590893626
0.40309589402750134
0.46774263260886073
0.024610952008515596
0.4414530876092613
0.15971694188192487
0.27603187737986445
0.4798520808108151
0.36026722518727183
0.3713288535363972
0.95816097734496
0.9446113561280072
0.08637000946328044
0.8639051397331059
0.1338351326994598
0.37205955432727933
0.8485975000075996
0.8857825924642384
0.3168025123886764
0.5361682330258191
0.5588912251405418
0.02953628497198224
0.3679792541079223
0.20358473109081388
